# Step 0, Time: 0 s
Name Mass Px Py Pz Vx Vy Vz
       Sun 1.989000e+30 3.651431e+00 -5.693818e-06 1.055140e-08 1.014286e-03 -1.581616e-09 2.930944e-12
   Mercury 3.301000e+23 5.789949e+10 1.723320e+08 4.805009e-06 -1.425545e+02 4.787000e+04 1.334725e-09
     Venus 4.867000e+24 1.081999e+11 1.260720e+08 1.327551e-08 -4.081953e+01 3.502000e+04 3.687642e-12
     Earth 5.972000e+24 1.495999e+11 1.072076e+08 2.335553e-09 -2.128923e+01 2.977990e+04 6.487646e-13
      Mars 6.417000e+23 2.279000e+11 8.686800e+07 3.782434e-10 -9.200151e+00 2.413000e+04 1.050676e-13
   Jupiter 1.898000e+27 7.785000e+11 4.705167e+07 5.092885e-12 -7.239912e-01 1.306991e+04 1.414690e-15
    Saturn 5.683000e+26 1.433000e+12 3.484793e+07 7.354368e-13 -2.352667e-01 9.679980e+03 2.042880e-16
    Uranus 8.681000e+25 2.877000e+12 2.447996e+07 8.551681e-14 -5.146314e-02 6.799990e+03 2.375467e-17
   Neptune 1.024000e+26 4.503000e+12 1.954791e+07 2.182866e-14 -5.555119e-02 5.429975e+03 6.063516e-18
      Moon 7.342000e+22 1.498091e+11 -2.147662e+08 2.321890e-09 8.357382e+02 3.033689e+04 6.449695e-13
    Phobos 1.070000e+16 2.278928e+11 8.269362e+07 3.782907e-10 5.495001e+01 2.136586e+04 1.050808e-13
    Deimos 1.480000e+15 2.279094e+11 6.590557e+07 3.782173e-10 1.254842e+03 2.468308e+04 1.050604e-13
        Io 8.930000e+22 7.786831e+11 -3.277730e+08 5.090288e-12 1.575472e+04 2.070710e+04 1.413969e-15
    Europa 4.800000e+22 7.790933e+11 -2.627000e+08 5.080907e-12 6.380369e+03 2.528035e+04 1.411363e-15
  Ganymede 1.480000e+23 7.788087e+11 1.070794e+09 5.085358e-12 -1.042425e+04 1.621400e+04 1.412600e-15
  Callisto 1.080000e+23 7.775146e+11 1.650165e+09 5.112897e-12 -6.987310e+03 8.775239e+03 1.420249e-15
     Titan 1.345000e+23 1.433160e+12 -1.176526e+09 7.352215e-13 5.522818e+03 1.040744e+04 2.042282e-16
      Rhea 2.310000e+21 1.432879e+12 5.467998e+08 7.355793e-13 -8.266065e+03 7.723421e+03 2.043276e-16
   Iapetus 1.810000e+21 1.429647e+12 -1.160411e+09 7.408514e-13 1.094340e+03 6.609230e+03 2.057920e-16
     Dione 1.100000e+21 1.432625e+12 5.151182e+07 7.360347e-13 -4.872260e+02 -5.137117e+02 2.044541e-16
    Tethys 6.170000e+20 1.432830e+12 -2.028509e+08 7.357645e-13 9.300430e+03 2.988020e+03 2.043790e-16
 Enceladus 1.080000e+20 1.432815e+12 1.776656e+08 7.356873e-13 -7.698444e+03 -2.982725e+02 2.043576e-16
     Mimas 3.750000e+19 1.432833e+12 -3.053875e+07 7.357340e-13 5.126951e+03 -4.137771e+03 2.043706e-16
   Miranda 6.590000e+19 2.877126e+12 1.050871e+07 8.550561e-14 7.657909e+02 1.351368e+04 2.375156e-17
     Ariel 1.350000e+21 2.877173e+12 -5.317064e+07 8.550181e-14 2.299885e+03 1.189419e+04 2.375050e-17
   Umbriel 1.170000e+21 2.876838e+12 -1.860728e+08 8.553277e-14 3.703172e+03 3.955933e+03 2.375910e-17
   Titania 3.420000e+21 2.876924e+12 -4.046350e+08 8.552499e-14 3.585756e+03 6.164730e+03 2.375694e-17
    Oberon 3.000000e+21 2.877358e+12 4.843767e+08 8.548333e-14 -2.485909e+03 8.735667e+03 2.374537e-17
    Triton 2.140000e+22 4.502733e+12 -2.134166e+08 2.183276e-14 2.886115e+03 2.116328e+03 6.064654e-18
Asteroid_1 7.852970e+17 5.622593e+10 -6.413570e+09 2.825714e+09 5.489710e+03 4.812178e+04 5.748427e+00

# Step 1, Time: 3.600000e+03 s
Name Mass Px Py Pz Vx Vy Vz
       Sun 1.989000e+30 1.095429e+01 9.966534e-04 3.165442e-08 2.028573e-03 2.784298e-07 5.861951e-12
   Mercury 3.301000e+23 5.789846e+10 3.446625e+08 1.442568e-05 -2.851097e+02 4.786958e+04 2.672410e-09
     Venus 4.867000e+24 1.081996e+11 2.521438e+08 3.984609e-08 -8.163909e+01 3.501995e+04 7.380716e-12
     Earth 5.972000e+24 1.495998e+11 2.144149e+08 7.008506e-09 -4.257750e+01 2.977978e+04 1.298043e-12
      Mars 6.417000e+23 2.278999e+11 1.737360e+08 1.134887e-09 -1.840031e+01 2.413000e+04 2.101787e-13
   Jupiter 1.898000e+27 7.785000e+11 9.410302e+07 1.527917e-11 -1.430132e+00 1.306982e+04 2.829524e-15
    Saturn 5.683000e+26 1.433000e+12 6.969578e+07 2.206355e-12 -4.702391e-01 9.679959e+03 4.085883e-16
    Uranus 8.681000e+25 2.877000e+12 4.895989e+07 2.565536e-13 -1.020624e-01 6.799980e+03 4.751023e-17
   Neptune 1.024000e+26 4.503000e+12 3.909572e+07 6.548663e-14 -1.099995e-01 5.429948e+03 1.212721e-17
      Moon 7.342000e+22 1.498121e+11 -1.055239e+08 6.967250e-09 8.091415e+02 3.034508e+04 1.290378e-12
    Phobos 1.070000e+16 2.279000e+11 1.636847e+08 1.134984e-09 1.985939e+03 2.249752e+04 2.101925e-13
    Deimos 1.480000e+15 2.279134e+11 1.557246e+08 1.134779e-09 1.126147e+03 2.494972e+04 2.101560e-13
        Io 8.930000e+22 7.787357e+11 -2.447502e+08 1.527024e-11 1.460374e+04 2.306188e+04 2.827763e-15
    Europa 4.800000e+22 7.791130e+11 -1.699945e+08 1.524281e-11 5.476965e+03 2.575153e+04 2.822751e-15
  Ganymede 1.480000e+23 7.787708e+11 1.127789e+09 1.525740e-11 -1.054021e+04 1.583211e+04 2.825566e-15
  Callisto 1.080000e+23 7.774896e+11 1.681361e+09 1.533975e-11 -6.920639e+03 8.665509e+03 2.840793e-15
     Titan 1.345000e+23 1.433179e+12 -1.138733e+09 2.205677e-12 5.510640e+03 1.049812e+04 4.084598e-16
      Rhea 2.310000e+21 1.432849e+12 5.728759e+08 2.206830e-12 -8.152598e+03 7.243378e+03 4.086806e-16
   Iapetus 1.810000e+21 1.429651e+12 -1.136604e+09 2.222592e-12 1.104257e+03 6.612848e+03 4.115947e-16
     Dione 1.100000e+21 1.432627e+12 4.950747e+07 2.208146e-12 4.809077e+02 -5.567633e+02 4.089198e-16
    Tethys 6.170000e+20 1.432867e+12 -1.874116e+08 2.207278e-12 1.023033e+04 4.288684e+03 4.087537e-16
 Enceladus 1.080000e+20 1.432795e+12 1.710847e+08 2.207141e-12 -5.718570e+03 -1.828032e+03 4.087372e-16
     Mimas 3.750000e+19 1.432866e+12 -3.985262e+07 2.207192e-12 9.084259e+03 -2.587185e+03 4.087382e-16
   Miranda 6.590000e+19 2.877124e+12 5.967285e+07 2.565202e-13 -5.244050e+02 1.365670e+04 4.750405e-17
     Ariel 1.350000e+21 2.877180e+12 -9.501466e+06 2.565081e-13 1.772481e+03 1.213033e+04 4.750174e-17
   Umbriel 1.170000e+21 2.876852e+12 -1.709864e+08 2.566003e-13 3.883383e+03 4.190666e+03 4.751875e-17
   Titania 3.420000e+21 2.876937e+12 -3.820526e+08 2.565770e-13 3.604863e+03 6.272877e+03 4.751445e-17
    Oberon 3.000000e+21 2.877349e+12 5.156507e+08 2.564540e-13 -2.523687e+03 8.687228e+03 4.749186e-17
    Triton 2.140000e+22 4.502744e+12 -2.053352e+08 6.549876e-14 3.033585e+03 2.244827e+03 1.212945e-17
Asteroid_1 7.852970e+17 5.624516e+10 -6.240270e+09 2.825708e+09 5.341996e+03 4.813863e+04 -1.675821e+00

# Step 2, Time: 7.200000e+03 s
Name Mass Px Py Pz Vx Vy Vz
       Sun 1.989000e+30 2.190859e+01 4.020782e-03 6.330920e-08 3.042859e-03 8.400357e-07 8.792993e-12
   Mercury 3.301000e+23 5.789692e+10 5.169899e+08 2.887264e-05 -4.276642e+02 4.786873e+04 4.013044e-09
     Venus 4.867000e+24 1.081991e+11 3.782153e+08 7.973089e-08 -1.224586e+02 3.501986e+04 1.107911e-11
     Earth 5.972000e+24 1.495995e+11 3.216216e+08 1.402065e-08 -6.386480e+01 2.977965e+04 1.947819e-12
      Mars 6.417000e+23 2.278998e+11 2.606039e+08 2.270081e-09 -2.760044e+01 2.412999e+04 3.153318e-13
   Jupiter 1.898000e+27 7.785000e+11 1.411541e+08 3.055936e-11 -2.118714e+00 1.306974e+04 4.244497e-15
    Saturn 5.683000e+26 1.433000e+12 1.045436e+08 4.412796e-12 -7.048301e-01 9.679938e+03 6.129004e-16
    Uranus 8.681000e+25 2.877000e+12 7.343979e+07 5.131136e-13 -1.519020e-01 6.799972e+03 7.126666e-17
   Neptune 1.024000e+26 4.503000e+12 5.864343e+07 1.309746e-13 -1.632763e-01 5.429919e+03 1.819109e-17
      Moon 7.342000e+22 1.498149e+11 3.747607e+06 1.393761e-08 7.824672e+02 3.035320e+04 1.936210e-12
    Phobos 1.070000e+16 2.279070e+11 2.501696e+08 2.270177e-09 1.967807e+03 2.402358e+04 3.153314e-13
    Deimos 1.480000e+15 2.279168e+11 2.464191e+08 2.269812e-09 9.344496e+02 2.519294e+04 3.152870e-13
        Io 8.930000e+22 7.787827e+11 -1.538159e+08 3.053937e-11 1.307458e+04 2.525953e+04 4.241426e-15
    Europa 4.800000e+22 7.791293e+11 -7.583101e+07 3.048591e-11 4.535972e+03 2.615652e+04 4.234196e-15
  Ganymede 1.480000e+23 7.787325e+11 1.183394e+09 3.051743e-11 -1.064223e+04 1.544575e+04 4.238898e-15
  Callisto 1.080000e+23 7.774650e+11 1.712165e+09 3.068159e-11 -6.852236e+03 8.556824e+03 4.261622e-15
     Titan 1.345000e+23 1.433199e+12 -1.100614e+09 4.411376e-12 5.496972e+03 1.058862e+04 6.126943e-16
      Rhea 2.310000e+21 1.432821e+12 5.972450e+08 4.413839e-12 -8.010902e+03 6.769183e+03 6.130583e-16
   Iapetus 1.810000e+21 1.429655e+12 -1.112785e+09 4.445259e-12 1.114161e+03 6.616499e+03 6.174074e-16
     Dione 1.100000e+21 1.432632e+12 4.769312e+07 4.416363e-12 1.456666e+03 -5.039870e+02 6.133936e-16
    Tethys 6.170000e+20 1.432906e+12 -1.667655e+08 4.414511e-12 1.097914e+04 5.735028e+03 6.131204e-16
 Enceladus 1.080000e+20 1.432782e+12 1.603592e+08 4.414415e-12 -3.385951e+03 -2.979311e+03 6.131317e-16
     Mimas 3.750000e+19 1.432911e+12 -3.880534e+07 4.414310e-12 1.260924e+04 2.909116e+02 6.130883e-16
   Miranda 6.590000e+19 2.877117e+12 1.084206e+08 5.130480e-13 -1.863753e+03 1.354105e+04 7.125771e-17
     Ariel 1.350000e+21 2.877184e+12 3.481737e+07 5.130216e-13 1.217436e+03 1.231079e+04 7.125377e-17
   Umbriel 1.170000e+21 2.876867e+12 -1.550120e+08 5.132042e-13 4.048999e+03 4.437347e+03 7.127887e-17
   Titania 3.420000e+21 2.876950e+12 -3.590787e+08 5.131580e-13 3.620721e+03 6.381650e+03 7.127249e-17
    Oberon 3.000000e+21 2.877340e+12 5.467476e+08 5.129161e-13 -2.560528e+03 8.638045e+03 7.123946e-17
    Triton 2.140000e+22 4.502755e+12 -1.967670e+08 1.309985e-13 3.175450e+03 2.380050e+03 1.819436e-17
Asteroid_1 7.852970e+17 5.626386e+10 -6.066912e+09 2.825676e+09 5.194230e+03 4.815502e+04 -9.100157e+00

# Step 3, Time: 1.080000e+04 s
Name Mass Px Py Pz Vx Vy Vz
       Sun 1.989000e+30 3.651431e+01 1.008043e-02 1.055157e-07 4.057145e-03 1.683237e-06 1.172404e-11
   Mercury 3.301000e+23 5.789487e+10 6.893127e+08 4.815647e-05 -5.702169e+02 4.786745e+04 5.356618e-09
     Venus 4.867000e+24 1.081985e+11 5.042863e+08 1.329486e-07 -1.632781e+02 3.501971e+04 1.478271e-11
     Earth 5.972000e+24 1.495992e+11 4.288278e+08 2.337374e-08 -8.515112e+01 2.977951e+04 2.598079e-12
      Mars 6.417000e+23 2.278997e+11 3.474719e+08 3.783972e-09 -3.680055e+01 2.412998e+04 4.205253e-13
   Jupiter 1.898000e+27 7.785000e+11 1.882049e+08 5.093392e-11 -2.790647e+00 1.306968e+04 5.659601e-15
    Saturn 5.683000e+26 1.433000e+12 1.393913e+08 7.354802e-12 -9.389403e-01 9.679916e+03 8.172239e-16
    Uranus 8.681000e+25 2.877000e+12 9.791966e+07 8.551998e-13 -2.011083e-01 6.799964e+03 9.502393e-17
   Neptune 1.024000e+26 4.503000e+12 7.819103e+07 2.182930e-13 -2.153148e-01 5.429890e+03 2.425514e-17
      Moon 7.342000e+22 1.498176e+11 1.130482e+08 2.323444e-08 7.557156e+02 3.036126e+04 2.582454e-12
    Phobos 1.070000e+16 2.279121e+11 3.394810e+08 3.783995e-09 1.413657e+03 2.480871e+04 4.205052e-13
    Deimos 1.480000e+15 2.279192e+11 3.378408e+08 3.783447e-09 6.835100e+02 2.539490e+04 4.204541e-13
        Io 8.930000e+22 7.788230e+11 -5.578260e+07 5.089743e-11 1.118368e+04 2.723147e+04 5.655018e-15
    Europa 4.800000e+22 7.791422e+11 1.953990e+07 5.081055e-11 3.562154e+03 2.649192e+04 5.645731e-15
  Ganymede 1.480000e+23 7.786939e+11 1.237593e+09 5.086678e-11 -1.073010e+04 1.505540e+04 5.652596e-15
  Callisto 1.080000e+23 7.774406e+11 1.742582e+09 5.113942e-11 -6.782118e+03 8.449212e+03 5.682729e-15
     Titan 1.345000e+23 1.433219e+12 -1.062170e+09 7.352330e-12 5.481816e+03 1.067891e+04 8.169315e-16
      Rhea 2.310000e+21 1.432792e+12 6.199341e+08 7.356694e-12 -7.841184e+03 6.302536e+03 8.174597e-16
   Iapetus 1.810000e+21 1.429659e+12 -1.088952e+09 7.408886e-12 1.124054e+03 6.620184e+03 8.232297e-16
     Dione 1.100000e+21 1.432641e+12 4.642007e+07 7.360701e-12 2.429808e+03 -3.536244e+02 8.178717e-16
    Tethys 6.170000e+20 1.432948e+12 -1.404783e+08 7.357426e-12 1.151964e+04 7.301998e+03 8.174763e-16
 Enceladus 1.080000e+20 1.432780e+12 1.472145e+08 7.357532e-12 -7.660272e+02 -3.651306e+03 8.175325e-16
     Mimas 3.750000e+19 1.432966e+12 -2.305911e+07 7.356981e-12 1.513784e+04 4.373953e+03 8.174086e-16
   Miranda 6.590000e+19 2.877106e+12 1.557392e+08 8.550939e-13 -3.196004e+03 1.314406e+04 9.501276e-17
     Ariel 1.350000e+21 2.877186e+12 7.957144e+07 8.550457e-13 6.408782e+02 1.243168e+04 9.500668e-17
   Umbriel 1.170000e+21 2.876882e+12 -1.381096e+08 8.553461e-13 4.199163e+03 4.695107e+03 9.503941e-17
   Titania 3.420000e+21 2.876963e+12 -3.357112e+08 8.552697e-13 3.633306e+03 6.490954e+03 9.503104e-17
    Oberon 3.000000e+21 2.877330e+12 5.776649e+08 8.548734e-13 -2.596419e+03 8.588136e+03 9.498814e-17
    Triton 2.140000e+22 4.502767e+12 -1.876887e+08 2.183323e-13 3.311390e+03 2.521763e+03 2.425940e-17
Asteroid_1 7.852970e+17 5.628202e+10 -5.893497e+09 2.825616e+09 5.046413e+03 4.817096e+04 -1.652451e+01

# Step 4, Time: 1.440000e+04 s
Name Mass Px Py Pz Vx Vy Vz
       Sun 1.989000e+30 5.477146e+01 2.018936e-02 1.582740e-07 5.071430e-03 2.808033e-06 1.465507e-11
   Mercury 3.301000e+23 5.789230e+10 8.616294e+08 7.228770e-05 -7.127664e+02 4.786576e+04 6.703121e-09
     Venus 4.867000e+24 1.081978e+11 6.303566e+08 1.995177e-07 -2.040974e+02 3.501952e+04 1.849141e-11
     Earth 5.972000e+24 1.495989e+11 5.360335e+08 3.506945e-08 -1.064365e+02 2.977935e+04 3.248808e-12
      Mars 6.417000e+23 2.278995e+11 4.343397e+08 5.676700e-09 -4.600067e+01 2.412996e+04 5.257576e-13
   Jupiter 1.898000e+27 7.785000e+11 2.352556e+08 7.640331e-11 -3.447546e+00 1.306963e+04 7.074831e-15
    Saturn 5.683000e+26 1.433000e+12 1.742389e+08 1.103241e-11 -1.172470e+00 9.679894e+03 1.021558e-15
    Uranus 8.681000e+25 2.877000e+12 1.223995e+08 1.282815e-12 -2.498267e-01 6.799957e+03 1.187820e-16
   Neptune 1.024000e+26 4.503000e+12 9.773853e+07 3.274427e-13 -2.660498e-01 5.429859e+03 3.031935e-17
      Moon 7.342000e+22 1.498202e+11 2.223775e+08 3.485918e-08 7.288873e+02 3.036925e+04 3.229093e-12
    Phobos 1.070000e+16 2.279151e+11 4.301589e+08 5.676566e-09 8.123227e+02 2.518833e+04 5.257140e-13
    Deimos 1.480000e+15 2.279206e+11 4.297775e+08 5.675819e-09 3.835484e+02 2.553797e+04 5.256590e-13
        Io 8.930000e+22 7.788553e+11 4.828920e+07 7.634444e-11 8.962357e+03 2.890883e+04 7.068614e-15
    Europa 4.800000e+22 7.791514e+11 1.158567e+08 7.621717e-11 2.560636e+03 2.675468e+04 7.057394e-15
  Ganymede 1.480000e+23 7.786550e+11 1.290375e+09 7.630674e-11 -1.080365e+04 1.466159e+04 7.066656e-15
  Callisto 1.080000e+23 7.774164e+11 1.772616e+09 7.671419e-11 -6.710300e+03 8.342699e+03 7.104103e-15
     Titan 1.345000e+23 1.433239e+12 -1.023401e+09 1.102854e-11 5.465174e+03 1.076897e+04 1.021171e-15
      Rhea 2.310000e+21 1.432765e+12 6.409766e+08 1.103548e-11 -7.643755e+03 5.845143e+03 1.021884e-15
   Iapetus 1.810000e+21 1.429663e+12 -1.065106e+09 1.111351e-11 1.133935e+03 6.623902e+03 1.029061e-15
     Dione 1.100000e+21 1.432653e+12 4.604149e+07 1.104116e-11 3.389674e+03 -1.051621e+02 1.022351e-15
    Tethys 6.170000e+20 1.432990e+12 -1.082285e+08 1.103597e-11 1.182803e+04 8.958278e+03 1.021819e-15
 Enceladus 1.080000e+20 1.432787e+12 1.337111e+08 1.103648e-11 2.039695e+03 -3.750932e+03 1.021930e-15
     Mimas 3.750000e+19 1.433024e+12 1.013565e+07 1.103508e-11 1.616046e+04 9.220766e+03 1.021694e-15
   Miranda 6.590000e+19 2.877090e+12 2.005854e+08 1.282664e-12 -4.453774e+03 1.245726e+04 1.187694e-16
     Ariel 1.350000e+21 2.877187e+12 1.245349e+08 1.282584e-12 4.960946e+01 1.248985e+04 1.187605e-16
   Umbriel 1.170000e+21 2.876898e+12 -1.202428e+08 1.283027e-12 4.333064e+03 4.963007e+03 1.188003e-16
   Titania 3.420000e+21 2.876976e+12 -3.119487e+08 1.282914e-12 3.642599e+03 6.600692e+03 1.187901e-16
    Oberon 3.000000e+21 2.877321e+12 6.084000e+08 1.282330e-12 -2.631344e+03 8.537519e+03 1.187379e-16
    Triton 2.140000e+22 4.502779e+12 -1.780777e+08 3.275007e-13 3.441092e+03 2.669714e+03 3.032455e-17
Asteroid_1 7.852970e+17 5.629966e+10 -5.720026e+09 2.825530e+09 4.898545e+03 4.818645e+04 -2.394882e+01

# Step 5, Time: 1.800000e+04 s
Name Mass Px Py Pz Vx Vy Vz
       Sun 1.989000e+30 7.668003e+01 3.536128e-02 2.215838e-07 6.085713e-03 4.214424e-06 1.758605e-11
   Mercury 3.301000e+23 5.788922e+10 1.033939e+09 1.012769e-04 -8.553114e+02 4.786364e+04 8.052543e-09
     Venus 4.867000e+24 1.081969e+11 7.564260e+08 2.794560e-07 -2.449165e+02 3.501929e+04 2.220508e-11
     Earth 5.972000e+24 1.495984e+11 6.432385e+08 4.910942e-08 -1.277208e+02 2.977917e+04 3.899991e-12
      Mars 6.417000e+23 2.278993e+11 5.212076e+08 7.948398e-09 -5.520077e+01 2.412995e+04 6.310272e-13
   Jupiter 1.898000e+27 7.784999e+11 2.823062e+08 1.069680e-10 -4.091792e+00 1.306960e+04 8.490181e-15
    Saturn 5.683000e+26 1.433000e+12 2.090864e+08 1.544566e-11 -1.405334e+00 9.679872e+03 1.225903e-15
    Uranus 8.681000e+25 2.877000e+12 1.468793e+08 1.795962e-12 -2.982179e-01 6.799952e+03 1.425409e-16
   Neptune 1.024000e+26 4.503000e+12 1.172859e+08 4.584242e-13 -3.154182e-01 5.429827e+03 3.638373e-17
      Moon 7.342000e+22 1.498227e+11 3.317353e+08 4.881319e-08 7.019827e+02 3.037718e+04 3.876116e-12
    Phobos 1.070000e+16 2.279159e+11 5.213923e+08 7.948023e-09 2.291175e+02 2.534260e+04 6.309603e-13
    Deimos 1.480000e+15 2.279208e+11 5.219652e+08 7.947072e-09 5.147068e+01 2.560771e+04 6.309036e-13
        Io 8.930000e+22 7.788785e+11 1.571042e+08 1.068807e-10 6.458010e+03 3.022638e+04 8.482301e-15
    Europa 4.800000e+22 7.791569e+11 2.128483e+08 1.067064e-10 1.536879e+03 2.694211e+04 8.469220e-15
  Ganymede 1.480000e+23 7.786159e+11 1.341728e+09 1.068386e-10 -1.086272e+04 1.426485e+04 8.481076e-15
  Callisto 1.080000e+23 7.773925e+11 1.802271e+09 1.074068e-10 -6.636801e+03 8.237314e+03 8.525737e-15
     Titan 1.345000e+23 1.433258e+12 -9.843098e+08 1.544003e-11 5.447050e+03 1.085877e+04 1.225412e-15
      Rhea 2.310000e+21 1.432738e+12 6.604120e+08 1.545026e-11 -7.419041e+03 5.398709e+03 1.226330e-15
   Iapetus 1.810000e+21 1.429667e+12 -1.041247e+09 1.555915e-11 1.143803e+03 6.627653e+03 1.234901e-15
     Dione 1.100000e+21 1.432669e+12 4.690754e+07 1.545774e-11 4.325369e+03 2.405694e+02 1.226827e-15
    Tethys 6.170000e+20 1.433033e+12 -6.982839e+07 1.545010e-11 1.188564e+04 1.066670e+04 1.226147e-15
 Enceladus 1.080000e+20 1.432805e+12 1.221610e+08 1.545122e-11 4.891745e+03 -3.208359e+03 1.226316e-15
     Mimas 3.750000e+19 1.433079e+12 6.101841e+07 1.544849e-11 1.544467e+04 1.413410e+04 1.225948e-15
   Miranda 6.590000e+19 2.877070e+12 2.419572e+08 1.795764e-12 -5.562949e+03 1.149216e+04 1.425279e-16
     Ariel 1.350000e+21 2.877185e+12 1.694737e+08 1.795639e-12 -5.489944e+02 1.248301e+04 1.425154e-16
   Umbriel 1.170000e+21 2.876914e+12 -1.013786e+08 1.796249e-12 4.449945e+03 5.240040e+03 1.425616e-16
   Titania 3.420000e+21 2.876989e+12 -2.877900e+08 1.796092e-12 3.648581e+03 6.710763e+03 1.425495e-16
    Oberon 3.000000e+21 2.877311e+12 6.389504e+08 1.795289e-12 -2.665290e+03 8.486212e+03 1.424887e-16
    Triton 2.140000e+22 4.502792e+12 -1.679126e+08 4.585040e-13 3.564255e+03 2.823639e+03 3.638981e-17
Asteroid_1 7.852970e+17 5.631676e+10 -5.546500e+09 2.825417e+09 4.750630e+03 4.820148e+04 -3.137300e+01

# Step 6, Time: 2.160000e+04 s
Name Mass Px Py Pz Vx Vy Vz
       Sun 1.989000e+30 1.022400e+02 5.660995e-02 2.954448e-07 7.099995e-03 5.902408e-06 2.051695e-11
   Mercury 3.301000e+23 5.788563e+10 1.206238e+09 1.351344e-04 -9.978508e+02 4.786109e+04 9.404873e-09
     Venus 4.867000e+24 1.081959e+11 8.824944e+08 3.727810e-07 -2.857354e+02 3.501900e+04 2.592362e-11
     Earth 5.972000e+24 1.495979e+11 7.504429e+08 6.549522e-08 -1.490042e+02 2.977899e+04 4.551613e-12
      Mars 6.417000e+23 2.278991e+11 6.080753e+08 1.059920e-08 -6.440088e+01 2.412993e+04 7.363326e-13
   Jupiter 1.898000e+27 7.784999e+11 3.293567e+08 1.426283e-10 -4.726519e+00 1.306959e+04 9.905646e-15
    Saturn 5.683000e+26 1.433000e+12 2.439339e+08 2.059459e-11 -1.637477e+00 9.679849e+03 1.430258e-15
    Uranus 8.681000e+25 2.877000e+12 1.713591e+08 2.394644e-12 -3.464497e-01 6.799948e+03 1.663005e-16
   Neptune 1.024000e+26 4.503000e+12 1.368332e+08 6.112379e-13 -3.633592e-01 5.429793e+03 4.244827e-17
      Moon 7.342000e+22 1.498252e+11 4.411214e+08 6.509781e-08 6.750024e+02 3.038503e+04 4.523506e-12
    Phobos 1.070000e+16 2.279147e+11 6.126031e+08 1.059852e-08 -3.410306e+02 2.533633e+04 7.362479e-13
    Deimos 1.480000e+15 2.279198e+11 6.141107e+08 1.059736e-08 -2.906142e+02 2.559596e+04 7.361899e-13
        Io 8.930000e+22 7.788920e+11 2.691619e+08 1.425070e-10 3.733965e+03 3.112715e+04 9.896176e-15
    Europa 4.800000e+22 7.791587e+11 3.102353e+08 1.422788e-10 4.966613e+02 2.705194e+04 9.881246e-15
  Ganymede 1.480000e+23 7.785766e+11 1.391645e+09 1.424637e-10 -1.090719e+04 1.386570e+04 9.895853e-15
  Callisto 1.080000e+23 7.773689e+11 1.831550e+09 1.432183e-10 -6.561635e+03 8.133083e+03 9.947620e-15
     Titan 1.345000e+23 1.433278e+12 -9.448960e+08 2.058678e-11 5.427448e+03 1.094829e+04 1.429654e-15
      Rhea 2.310000e+21 1.432712e+12 6.782857e+08 2.060113e-11 -7.167575e+03 4.964932e+03 1.430796e-15
   Iapetus 1.810000e+21 1.429671e+12 -1.017374e+09 2.074585e-11 1.153660e+03 6.631438e+03 1.440749e-15
     Dione 1.100000e+21 1.432687e+12 4.936032e+07 2.061041e-11 5.225963e+03 6.813288e+02 1.431297e-15
    Tethys 6.170000e+20 1.433075e+12 -2.524164e+07 2.059976e-11 1.168066e+04 1.238521e+04 1.430460e-15
 Enceladus 1.080000e+20 1.432832e+12 1.149778e+08 2.060167e-11 7.618690e+03 -1.995348e+03 1.430680e-15
     Mimas 3.750000e+19 1.433127e+12 1.272342e+08 2.059716e-11 1.315745e+04 1.839329e+04 1.430187e-15
   Miranda 6.590000e+19 2.877047e+12 2.789799e+08 2.394402e-12 -6.450244e+03 1.028410e+04 1.662883e-16
     Ariel 1.350000e+21 2.877181e+12 2.141491e+08 2.394216e-12 -1.147113e+03 1.240984e+04 1.662715e-16
   Umbriel 1.170000e+21 2.876930e+12 -8.148815e+07 2.395012e-12 4.549108e+03 5.525134e+03 1.663231e-16
   Titania 3.420000e+21 2.877002e+12 -2.632341e+08 2.394806e-12 3.651239e+03 6.821068e+03 1.663094e-16
    Oberon 3.000000e+21 2.877302e+12 6.693136e+08 2.393755e-12 -2.698241e+03 8.434235e+03 1.662405e-16
    Triton 2.140000e+22 4.502805e+12 -1.571729e+08 6.113426e-13 3.680588e+03 2.983254e+03 4.245515e-17
Asteroid_1 7.852970e+17 5.633333e+10 -5.372923e+09 2.825277e+09 4.602667e+03 4.821605e+04 -3.879699e+01

# Step 7, Time: 2.520000e+04 s
Name Mass Px Py Pz Vx Vy Vz
       Sun 1.989000e+30 1.314514e+02 8.494909e-02 3.798567e-07 8.114275e-03 7.871982e-06 2.344775e-11
   Mercury 3.301000e+23 5.788153e+10 1.378528e+09 1.738708e-04 -1.140383e+03 4.785812e+04 1.076010e-08
     Venus 4.867000e+24 1.081947e+11 1.008562e+09 4.795099e-07 -3.265539e+02 3.501867e+04 2.964690e-11
     Earth 5.972000e+24 1.495972e+11 8.576465e+08 8.422840e-08 -1.702865e+02 2.977878e+04 5.203660e-12
      Mars 6.417000e+23 2.278988e+11 6.949429e+08 1.362921e-08 -7.360097e+01 2.412990e+04 8.416721e-13
   Jupiter 1.898000e+27 7.784999e+11 3.764073e+08 1.833847e-10 -5.355538e+00 1.306961e+04 1.132122e-14
    Saturn 5.683000e+26 1.433000e+12 2.787812e+08 2.647923e-11 -1.868868e+00 9.679826e+03 1.634623e-15
    Uranus 8.681000e+25 2.877000e+12 1.958389e+08 3.078863e-12 -3.946871e-01 6.799944e+03 1.900609e-16
   Neptune 1.024000e+26 4.503000e+12 1.563803e+08 7.858846e-13 -4.098144e-01 5.429759e+03 4.851297e-17
      Moon 7.342000e+22 1.498275e+11 5.505355e+08 8.371432e-08 6.479467e+02 3.039281e+04 5.171251e-12
    Phobos 1.070000e+16 2.279114e+11 7.032255e+08 1.362821e-08 -9.125815e+02 2.517289e+04 8.415830e-13
    Deimos 1.480000e+15 2.279175e+11 7.059213e+08 1.362683e-08 -6.185458e+02 2.550295e+04 8.415193e-13
        Io 8.930000e+22 7.788951e+11 3.828038e+08 1.832242e-10 8.677902e+02 3.156720e+04 1.131034e-14
    Europa 4.800000e+22 7.791567e+11 4.077319e+08 1.829355e-10 -5.539506e+02 2.708238e+04 1.129351e-14
  Ganymede 1.480000e+23 7.785372e+11 1.440118e+09 1.831832e-10 -1.093692e+04 1.346469e+04 1.131098e-14
  Callisto 1.080000e+23 7.773455e+11 1.860458e+09 1.841493e-10 -6.484822e+03 8.030032e+03 1.136974e-14
     Titan 1.345000e+23 1.433297e+12 -9.051610e+08 2.646881e-11 5.406371e+03 1.103750e+04 1.633897e-15
      Rhea 2.310000e+21 1.432687e+12 6.946495e+08 2.648814e-11 -6.890007e+03 4.545493e+03 1.635281e-15
   Iapetus 1.810000e+21 1.429675e+12 -9.934866e+08 2.667362e-11 1.163503e+03 6.635256e+03 1.646605e-15
     Dione 1.100000e+21 1.432709e+12 5.372868e+07 2.649913e-11 6.080717e+03 1.213435e+03 1.635757e-15
    Tethys 6.170000e+20 1.433116e+12 2.540467e+07 2.648489e-11 1.120963e+04 1.406842e+04 1.634759e-15
 Enceladus 1.080000e+20 1.432868e+12 1.144680e+08 2.648773e-11 1.003342e+04 -1.415987e+02 1.635018e-15
     Mimas 3.750000e+19 1.433162e+12 2.046484e+08 2.648110e-11 9.775252e+03 2.150392e+04 1.634426e-15
   Miranda 6.590000e+19 2.877021e+12 3.109931e+08 3.078584e-12 -7.052961e+03 8.892559e+03 1.900506e-16
     Ariel 1.350000e+21 2.877174e+12 2.583216e+08 3.078320e-12 -1.736641e+03 1.227014e+04 1.900287e-16
   Umbriel 1.170000e+21 2.876947e+12 -6.054639e+07 3.079317e-12 4.629920e+03 5.817156e+03 1.900848e-16
   Titania 3.420000e+21 2.877016e+12 -2.382807e+08 3.079057e-12 3.650559e+03 6.931508e+03 1.900697e-16
    Oberon 3.000000e+21 2.877292e+12 6.994874e+08 3.077731e-12 -2.730185e+03 8.381606e+03 1.899933e-16
    Triton 2.140000e+22 4.502819e+12 -1.458391e+08 7.860167e-13 3.789812e+03 3.148261e+03 4.852059e-17
Asteroid_1 7.852970e+17 5.634937e+10 -5.199294e+09 2.825111e+09 4.454659e+03 4.823017e+04 -4.622071e+01

# Step 8, Time: 2.880000e+04 s
Name Mass Px Py Pz Vx Vy Vz
       Sun 1.989000e+30 1.643142e+02 1.213924e-01 4.748190e-07 9.128552e-03 1.012314e-05 2.637842e-11
   Mercury 3.301000e+23 5.787691e+10 1.550805e+09 2.174963e-04 -1.282908e+03 4.785472e+04 1.211821e-08
     Venus 4.867000e+24 1.081934e+11 1.134627e+09 5.996592e-07 -3.673721e+02 3.501829e+04 3.337482e-11
     Earth 5.972000e+24 1.495966e+11 9.648493e+08 1.053104e-07 -1.915679e+02 2.977856e+04 5.856115e-12
      Mars 6.417000e+23 2.278985e+11 7.818105e+08 1.703857e-08 -8.280106e+01 2.412987e+04 9.470442e-13
   Jupiter 1.898000e+27 7.784999e+11 4.234580e+08 2.292375e-10 -5.983173e+00 1.306965e+04 1.273689e-14
    Saturn 5.683000e+26 1.433000e+12 3.136285e+08 3.309962e-11 -2.099495e+00 9.679803e+03 1.838996e-15
    Uranus 8.681000e+25 2.877000e+12 2.203187e+08 3.848622e-12 -4.430825e-01 6.799942e+03 2.138220e-16
   Neptune 1.024000e+26 4.503000e+12 1.759273e+08 9.823648e-13 -4.547279e-01 5.429723e+03 5.457782e-17
      Moon 7.342000e+22 1.498297e+11 6.599774e+08 1.046639e-07 6.208163e+02 3.040053e+04 5.819335e-12
    Phobos 1.070000e+16 2.279060e+11 7.924981e+08 1.703733e-08 -1.490370e+03 2.479795e+04 9.469767e-13
    Deimos 1.480000e+15 2.279143e+11 7.971359e+08 1.703564e-08 -9.100475e+02 2.533741e+04 9.468923e-13
        Io 8.930000e+22 7.788877e+11 4.962758e+08 2.290337e-10 -2.052147e+03 3.151999e+04 1.272487e-14
    Europa 4.800000e+22 7.791509e+11 5.050476e+08 2.286773e-10 -1.608641e+03 2.703213e+04 1.270605e-14
  Ganymede 1.480000e+23 7.784978e+11 1.487142e+09 2.289985e-10 -1.095182e+04 1.306237e+04 1.272646e-14
  Callisto 1.080000e+23 7.773225e+11 1.888999e+09 2.302009e-10 -6.406378e+03 7.928188e+03 1.279210e-14
     Titan 1.345000e+23 1.433317e+12 -8.651060e+08 3.308612e-11 5.383824e+03 1.112638e+04 1.838141e-15
      Rhea 2.310000e+21 1.432664e+12 7.095609e+08 3.311137e-11 -6.587099e+03 4.142047e+03 1.839785e-15
   Iapetus 1.810000e+21 1.429679e+12 -9.695858e+08 3.334251e-11 1.173335e+03 6.639107e+03 1.852468e-15
     Dione 1.100000e+21 1.432734e+12 6.032309e+07 3.312388e-11 6.879314e+03 1.831779e+03 1.840206e-15
    Tethys 6.170000e+20 1.433153e+12 8.181557e+07 3.310546e-11 1.047851e+04 1.566969e+04 1.839046e-15
 Enceladus 1.080000e+20 1.432911e+12 1.225952e+08 3.310931e-11 1.195862e+04 2.257548e+03 1.839326e-15
     Mimas 3.750000e+19 1.433183e+12 2.884995e+08 3.310036e-11 5.865728e+03 2.329199e+04 1.838683e-15
   Miranda 6.590000e+19 2.876995e+12 3.376203e+08 3.848317e-12 -7.328717e+03 7.396447e+03 2.138147e-16
     Ariel 1.350000e+21 2.877166e+12 3.017551e+08 3.847953e-12 -2.309374e+03 1.206485e+04 2.137871e-16
   Umbriel 1.170000e+21 2.876964e+12 -3.853270e+07 3.849165e-12 4.691823e+03 6.114913e+03 2.138467e-16
   Titania 3.420000e+21 2.877029e+12 -2.129296e+08 3.848846e-12 3.646534e+03 7.041981e+03 2.138304e-16
    Oberon 3.000000e+21 2.877282e+12 7.294694e+08 3.847220e-12 -2.761108e+03 8.328344e+03 2.137471e-16
    Triton 2.140000e+22 4.502833e+12 -1.338931e+08 9.825266e-13 3.891658e+03 3.318347e+03 5.458610e-17
Asteroid_1 7.852970e+17 5.636487e+10 -5.025616e+09 2.824918e+09 4.306607e+03 4.824383e+04 -5.364411e+01

# Step 9, Time: 3.240000e+04 s
Name Mass Px Py Pz Vx Vy Vz
       Sun 1.989000e+30 2.008284e+02 1.669536e-01 5.803311e-07 1.014283e-02 1.265589e-05 2.930892e-11
   Mercury 3.301000e+23 5.787178e+10 1.723068e+09 2.660215e-04 -1.425422e+03 4.785091e+04 1.347921e-08
     Venus 4.867000e+24 1.081919e+11 1.260692e+09 7.332454e-07 -4.081899e+02 3.501786e+04 3.710725e-11
     Earth 5.972000e+24 1.495958e+11 1.072051e+09 1.287427e-07 -2.128483e+02 2.977833e+04 6.508965e-12
      Mars 6.417000e+23 2.278982e+11 8.686779e+08 2.082738e-08 -9.200113e+01 2.412984e+04 1.052447e-12
   Jupiter 1.898000e+27 7.784999e+11 4.705090e+08 2.801871e-10 -6.614027e+00 1.306971e+04 1.415267e-14
    Saturn 5.683000e+26 1.433000e+12 3.484757e+08 4.045578e-11 -2.329359e+00 9.679780e+03 2.043378e-15
    Uranus 8.681000e+25 2.877000e+12 2.447985e+08 4.703924e-12 -4.917673e-01 6.799941e+03 2.375837e-16
   Neptune 1.024000e+26 4.503000e+12 1.954742e+08 1.200679e-12 -4.980468e-01 5.429687e+03 6.064281e-17
      Moon 7.342000e+22 1.498319e+11 7.694469e+08 1.279478e-07 5.936116e+02 3.040817e+04 6.467746e-12
    Phobos 1.070000e+16 2.278987e+11 8.791033e+08 2.082616e-08 -2.019092e+03 2.405700e+04 1.052452e-12
    Deimos 1.480000e+15 2.279101e+11 8.875487e+08 2.082395e-08 -1.148087e+03 2.511466e+04 1.052308e-12
        Io 8.930000e+22 7.788699e+11 6.078018e+08 2.799373e-10 -4.931645e+03 3.097946e+04 1.413988e-14
    Europa 4.800000e+22 7.791413e+11 6.018890e+08 2.795053e-10 -2.660890e+03 2.690041e+04 1.411890e-14
  Ganymede 1.480000e+23 7.784584e+11 1.532716e+09 2.799107e-10 -1.095182e+04 1.265928e+04 1.414229e-14
  Callisto 1.080000e+23 7.772997e+11 1.917178e+09 2.813738e-10 -6.326322e+03 7.827577e+03 1.421468e-14
     Titan 1.345000e+23 1.433336e+12 -8.247323e+08 4.043871e-11 5.359811e+03 1.121491e+04 2.042385e-15
      Rhea 2.310000e+21 1.432641e+12 7.230833e+08 4.047086e-11 -6.259730e+03 3.756217e+03 2.044304e-15
   Iapetus 1.810000e+21 1.429684e+12 -9.456710e+08 4.075252e-11 1.183153e+03 6.642992e+03 2.058337e-15
     Dione 1.100000e+21 1.432761e+12 6.943067e+07 4.048458e-11 7.612085e+03 2.529885e+03 2.044640e-15
    Tethys 6.170000e+20 1.433188e+12 1.435324e+08 4.046142e-11 9.503068e+03 1.714357e+04 2.043323e-15
 Enceladus 1.080000e+20 1.432959e+12 1.407663e+08 4.046629e-11 1.325542e+04 5.047512e+03 2.043607e-15
     Mimas 3.750000e+19 1.433190e+12 3.743042e+08 4.045504e-11 1.909150e+03 2.383465e+04 2.042967e-15
   Miranda 6.590000e+19 2.876969e+12 3.588061e+08 4.703607e-12 -7.262267e+03 5.884935e+03 2.375806e-16
     Ariel 1.350000e+21 2.877156e+12 3.442211e+08 4.703122e-12 -2.857212e+03 1.179611e+04 2.375469e-16
   Umbriel 1.170000e+21 2.876981e+12 -1.543093e+07 4.704557e-12 4.734336e+03 6.417158e+03 2.376087e-16
   Titania 3.420000e+21 2.877042e+12 -1.871810e+08 4.704175e-12 3.639158e+03 7.152386e+03 2.375914e-16
    Oberon 3.000000e+21 2.877272e+12 7.592575e+08 4.702227e-12 -2.790998e+03 8.274470e+03 2.375019e-16
    Triton 2.140000e+22 4.502847e+12 -1.213176e+08 1.200873e-12 3.985874e+03 3.493184e+03 6.065169e-17
Asteroid_1 7.852970e+17 5.637984e+10 -4.851891e+09 2.824698e+09 4.158512e+03 4.825704e+04 -6.106710e+01